                           (Intercept) 
                           16.44293401 
                         MODPresencial 
                           11.32322075 
                          d_notNoturno 
                           -0.40338916 
                               c_idade 
                            0.04816704 
                        d_sexfFeminino 
                           -1.43078983 
              d_etniaBranco ou amarelo 
                            1.76817168 
                         dedicH1h a 3h 
                            2.04623003 
                         dedicH4h a 7h 
                            3.65596014 
                        dedicH8h a 12h 
                            4.57407890 
                      dedicHMais d 12h 
                            4.45264487 
                      livrosUm ou dois 
                            0.59359090 
                    livrosTrês a cinco 
                            0.98052874 
                     livrosSeis a oito 
                            0.86687010 
                    livrosMais de oito 
                            0.94576383 
                      d_ecivilSolteiro 
                           -1.18074415 
                       renda1,5 a 3 SM 
                            1.11546474 
                       renda3 a 4,5 SM 
                            1.80802010 
                       renda4,5 a 6 SM 
                            2.61567290 
                        renda6 a 10 SM 
                            3.45656155 
                       renda10 a 30 SM 
                            4.70600034 
                    rendaMais de 30 SM 
                            5.15737647 
              d_afirmIngressou por PAA 
                            0.36419775 
                       d_bolsaBolsista 
                            2.54071530 
                  escpubEM esc pública 
                           -0.18597728 
                  d_morasoMora sozinho 
                            0.02498087 
                        cat_admPública 
                            2.98029135 
                  org_acadUniversidade 
                            1.28591567 
                  regiao_cursoNordeste 
                            1.74739894 
                   regiao_cursoSudeste 
                            2.34772490 
                       regiao_cursoSul 
                            2.68864844 
              regiao_cursoCentro-oeste 
                            0.55551072 
                              np_infra 
                            1.10152191 
                                 np_me 
                            0.18115909 
                                 np_dr 
                           -0.39494322 
                                 np_rt 
                            0.30575569 
                               idade_M 
                           -0.26541918 
                             renda_IES 
                            4.88293520 
            MODPresencial:d_notNoturno 
                            0.78653826 
                 MODPresencial:c_idade 
                           -0.06587998 
MODPresencial:d_etniaBranco ou amarelo 
                           -1.20854383 
               MODPresencial:renda_IES 
                           -4.20800090 
$ID_IES
   (Intercept) MODPresencial d_notNoturno    c_idade
1     16.00220     17.496949   -0.4033892 0.04816704
2     15.87437     19.287614   -0.4033892 0.04816704
3     16.65830      8.306354   -0.4033892 0.04816704
4     16.22229     14.413934   -0.4033892 0.04816704
5     16.55166      9.800145   -0.4033892 0.04816704
8     16.07089     16.534741   -0.4033892 0.04816704
9     15.91854     18.668836   -0.4033892 0.04816704
10    16.19341     14.818492   -0.4033892 0.04816704
11    16.67567      8.063107   -0.4033892 0.04816704
12    16.46944     10.951860   -0.4033892 0.04816704
13    16.34968     12.629466   -0.4033892 0.04816704
14    16.21138     14.566843   -0.4033892 0.04816704
15    16.20948     14.593414   -0.4033892 0.04816704
16    16.94301      4.318233   -0.4033892 0.04816704
17    16.55524      9.749997   -0.4033892 0.04816704
18    16.51174     10.359339   -0.4033892 0.04816704
19    16.59557      9.185106   -0.4033892 0.04816704
20    16.49326     10.618311   -0.4033892 0.04816704
21    16.57749      9.438367   -0.4033892 0.04816704
22    16.13556     15.628823   -0.4033892 0.04816704
23    16.28671     13.511663   -0.4033892 0.04816704
24    16.34488     12.696740   -0.4033892 0.04816704
27    16.30340     13.277847   -0.4033892 0.04816704
29    16.33375     12.852618   -0.4033892 0.04816704
   d_sexfFeminino d_etniaBranco ou amarelo
1        -1.43079                 1.768172
2        -1.43079                 1.768172
3        -1.43079                 1.768172
4        -1.43079                 1.768172
5        -1.43079                 1.768172
8        -1.43079                 1.768172
9        -1.43079                 1.768172
10       -1.43079                 1.768172
11       -1.43079                 1.768172
12       -1.43079                 1.768172
13       -1.43079                 1.768172
14       -1.43079                 1.768172
15       -1.43079                 1.768172
16       -1.43079                 1.768172
17       -1.43079                 1.768172
18       -1.43079                 1.768172
19       -1.43079                 1.768172
20       -1.43079                 1.768172
21       -1.43079                 1.768172
22       -1.43079                 1.768172
23       -1.43079                 1.768172
24       -1.43079                 1.768172
27       -1.43079                 1.768172
29       -1.43079                 1.768172
   dedicH1h a 3h dedicH4h a 7h dedicH8h a 12h
1        2.04623       3.65596       4.574079
2        2.04623       3.65596       4.574079
3        2.04623       3.65596       4.574079
4        2.04623       3.65596       4.574079
5        2.04623       3.65596       4.574079
8        2.04623       3.65596       4.574079
9        2.04623       3.65596       4.574079
10       2.04623       3.65596       4.574079
11       2.04623       3.65596       4.574079
12       2.04623       3.65596       4.574079
13       2.04623       3.65596       4.574079
14       2.04623       3.65596       4.574079
15       2.04623       3.65596       4.574079
16       2.04623       3.65596       4.574079
17       2.04623       3.65596       4.574079
18       2.04623       3.65596       4.574079
19       2.04623       3.65596       4.574079
20       2.04623       3.65596       4.574079
21       2.04623       3.65596       4.574079
22       2.04623       3.65596       4.574079
23       2.04623       3.65596       4.574079
24       2.04623       3.65596       4.574079
27       2.04623       3.65596       4.574079
29       2.04623       3.65596       4.574079
   dedicHMais d 12h livrosUm ou dois
1          4.452645        0.5935909
2          4.452645        0.5935909
3          4.452645        0.5935909
4          4.452645        0.5935909
5          4.452645        0.5935909
8          4.452645        0.5935909
9          4.452645        0.5935909
10         4.452645        0.5935909
11         4.452645        0.5935909
12         4.452645        0.5935909
13         4.452645        0.5935909
14         4.452645        0.5935909
15         4.452645        0.5935909
16         4.452645        0.5935909
17         4.452645        0.5935909
18         4.452645        0.5935909
19         4.452645        0.5935909
20         4.452645        0.5935909
21         4.452645        0.5935909
22         4.452645        0.5935909
23         4.452645        0.5935909
24         4.452645        0.5935909
27         4.452645        0.5935909
29         4.452645        0.5935909
   livrosTrês a cinco livrosSeis a oito
1           0.9805287         0.8668701
2           0.9805287         0.8668701
3           0.9805287         0.8668701
4           0.9805287         0.8668701
5           0.9805287         0.8668701
8           0.9805287         0.8668701
9           0.9805287         0.8668701
10          0.9805287         0.8668701
11          0.9805287         0.8668701
12          0.9805287         0.8668701
13          0.9805287         0.8668701
14          0.9805287         0.8668701
15          0.9805287         0.8668701
16          0.9805287         0.8668701
17          0.9805287         0.8668701
18          0.9805287         0.8668701
19          0.9805287         0.8668701
20          0.9805287         0.8668701
21          0.9805287         0.8668701
22          0.9805287         0.8668701
23          0.9805287         0.8668701
24          0.9805287         0.8668701
27          0.9805287         0.8668701
29          0.9805287         0.8668701
   livrosMais de oito d_ecivilSolteiro
1           0.9457638        -1.180744
2           0.9457638        -1.180744
3           0.9457638        -1.180744
4           0.9457638        -1.180744
5           0.9457638        -1.180744
8           0.9457638        -1.180744
9           0.9457638        -1.180744
10          0.9457638        -1.180744
11          0.9457638        -1.180744
12          0.9457638        -1.180744
13          0.9457638        -1.180744
14          0.9457638        -1.180744
15          0.9457638        -1.180744
16          0.9457638        -1.180744
17          0.9457638        -1.180744
18          0.9457638        -1.180744
19          0.9457638        -1.180744
20          0.9457638        -1.180744
21          0.9457638        -1.180744
22          0.9457638        -1.180744
23          0.9457638        -1.180744
24          0.9457638        -1.180744
27          0.9457638        -1.180744
29          0.9457638        -1.180744
   renda1,5 a 3 SM renda3 a 4,5 SM renda4,5 a 6 SM
1         1.115465         1.80802        2.615673
2         1.115465         1.80802        2.615673
3         1.115465         1.80802        2.615673
4         1.115465         1.80802        2.615673
5         1.115465         1.80802        2.615673
8         1.115465         1.80802        2.615673
9         1.115465         1.80802        2.615673
10        1.115465         1.80802        2.615673
11        1.115465         1.80802        2.615673
12        1.115465         1.80802        2.615673
13        1.115465         1.80802        2.615673
14        1.115465         1.80802        2.615673
15        1.115465         1.80802        2.615673
16        1.115465         1.80802        2.615673
17        1.115465         1.80802        2.615673
18        1.115465         1.80802        2.615673
19        1.115465         1.80802        2.615673
20        1.115465         1.80802        2.615673
21        1.115465         1.80802        2.615673
22        1.115465         1.80802        2.615673
23        1.115465         1.80802        2.615673
24        1.115465         1.80802        2.615673
27        1.115465         1.80802        2.615673
29        1.115465         1.80802        2.615673
   renda6 a 10 SM renda10 a 30 SM rendaMais de 30 SM
1        3.456562           4.706           5.157376
2        3.456562           4.706           5.157376
3        3.456562           4.706           5.157376
4        3.456562           4.706           5.157376
5        3.456562           4.706           5.157376
8        3.456562           4.706           5.157376
9        3.456562           4.706           5.157376
10       3.456562           4.706           5.157376
11       3.456562           4.706           5.157376
12       3.456562           4.706           5.157376
13       3.456562           4.706           5.157376
14       3.456562           4.706           5.157376
15       3.456562           4.706           5.157376
16       3.456562           4.706           5.157376
17       3.456562           4.706           5.157376
18       3.456562           4.706           5.157376
19       3.456562           4.706           5.157376
20       3.456562           4.706           5.157376
21       3.456562           4.706           5.157376
22       3.456562           4.706           5.157376
23       3.456562           4.706           5.157376
24       3.456562           4.706           5.157376
27       3.456562           4.706           5.157376
29       3.456562           4.706           5.157376
   d_afirmIngressou por PAA d_bolsaBolsista
1                 0.3641977        2.540715
2                 0.3641977        2.540715
3                 0.3641977        2.540715
4                 0.3641977        2.540715
5                 0.3641977        2.540715
8                 0.3641977        2.540715
9                 0.3641977        2.540715
10                0.3641977        2.540715
11                0.3641977        2.540715
12                0.3641977        2.540715
13                0.3641977        2.540715
14                0.3641977        2.540715
15                0.3641977        2.540715
16                0.3641977        2.540715
17                0.3641977        2.540715
18                0.3641977        2.540715
19                0.3641977        2.540715
20                0.3641977        2.540715
21                0.3641977        2.540715
22                0.3641977        2.540715
23                0.3641977        2.540715
24                0.3641977        2.540715
27                0.3641977        2.540715
29                0.3641977        2.540715
   escpubEM esc pública d_morasoMora sozinho
1            -0.1859773           0.02498087
2            -0.1859773           0.02498087
3            -0.1859773           0.02498087
4            -0.1859773           0.02498087
5            -0.1859773           0.02498087
8            -0.1859773           0.02498087
9            -0.1859773           0.02498087
10           -0.1859773           0.02498087
11           -0.1859773           0.02498087
12           -0.1859773           0.02498087
13           -0.1859773           0.02498087
14           -0.1859773           0.02498087
15           -0.1859773           0.02498087
16           -0.1859773           0.02498087
17           -0.1859773           0.02498087
18           -0.1859773           0.02498087
19           -0.1859773           0.02498087
20           -0.1859773           0.02498087
21           -0.1859773           0.02498087
22           -0.1859773           0.02498087
23           -0.1859773           0.02498087
24           -0.1859773           0.02498087
27           -0.1859773           0.02498087
29           -0.1859773           0.02498087
   cat_admPública org_acadUniversidade
1        2.980291             1.285916
2        2.980291             1.285916
3        2.980291             1.285916
4        2.980291             1.285916
5        2.980291             1.285916
8        2.980291             1.285916
9        2.980291             1.285916
10       2.980291             1.285916
11       2.980291             1.285916
12       2.980291             1.285916
13       2.980291             1.285916
14       2.980291             1.285916
15       2.980291             1.285916
16       2.980291             1.285916
17       2.980291             1.285916
18       2.980291             1.285916
19       2.980291             1.285916
20       2.980291             1.285916
21       2.980291             1.285916
22       2.980291             1.285916
23       2.980291             1.285916
24       2.980291             1.285916
27       2.980291             1.285916
29       2.980291             1.285916
   regiao_cursoNordeste regiao_cursoSudeste
1              1.747399            2.347725
2              1.747399            2.347725
3              1.747399            2.347725
4              1.747399            2.347725
5              1.747399            2.347725
8              1.747399            2.347725
9              1.747399            2.347725
10             1.747399            2.347725
11             1.747399            2.347725
12             1.747399            2.347725
13             1.747399            2.347725
14             1.747399            2.347725
15             1.747399            2.347725
16             1.747399            2.347725
17             1.747399            2.347725
18             1.747399            2.347725
19             1.747399            2.347725
20             1.747399            2.347725
21             1.747399            2.347725
22             1.747399            2.347725
23             1.747399            2.347725
24             1.747399            2.347725
27             1.747399            2.347725
29             1.747399            2.347725
   regiao_cursoSul regiao_cursoCentro-oeste np_infra
1         2.688648                0.5555107 1.101522
2         2.688648                0.5555107 1.101522
3         2.688648                0.5555107 1.101522
4         2.688648                0.5555107 1.101522
5         2.688648                0.5555107 1.101522
8         2.688648                0.5555107 1.101522
9         2.688648                0.5555107 1.101522
10        2.688648                0.5555107 1.101522
11        2.688648                0.5555107 1.101522
12        2.688648                0.5555107 1.101522
13        2.688648                0.5555107 1.101522
14        2.688648                0.5555107 1.101522
15        2.688648                0.5555107 1.101522
16        2.688648                0.5555107 1.101522
17        2.688648                0.5555107 1.101522
18        2.688648                0.5555107 1.101522
19        2.688648                0.5555107 1.101522
20        2.688648                0.5555107 1.101522
21        2.688648                0.5555107 1.101522
22        2.688648                0.5555107 1.101522
23        2.688648                0.5555107 1.101522
24        2.688648                0.5555107 1.101522
27        2.688648                0.5555107 1.101522
29        2.688648                0.5555107 1.101522
       np_me      np_dr     np_rt    idade_M
1  0.1811591 -0.3949432 0.3057557 -0.2654192
2  0.1811591 -0.3949432 0.3057557 -0.2654192
3  0.1811591 -0.3949432 0.3057557 -0.2654192
4  0.1811591 -0.3949432 0.3057557 -0.2654192
5  0.1811591 -0.3949432 0.3057557 -0.2654192
8  0.1811591 -0.3949432 0.3057557 -0.2654192
9  0.1811591 -0.3949432 0.3057557 -0.2654192
10 0.1811591 -0.3949432 0.3057557 -0.2654192
11 0.1811591 -0.3949432 0.3057557 -0.2654192
12 0.1811591 -0.3949432 0.3057557 -0.2654192
13 0.1811591 -0.3949432 0.3057557 -0.2654192
14 0.1811591 -0.3949432 0.3057557 -0.2654192
15 0.1811591 -0.3949432 0.3057557 -0.2654192
16 0.1811591 -0.3949432 0.3057557 -0.2654192
17 0.1811591 -0.3949432 0.3057557 -0.2654192
18 0.1811591 -0.3949432 0.3057557 -0.2654192
19 0.1811591 -0.3949432 0.3057557 -0.2654192
20 0.1811591 -0.3949432 0.3057557 -0.2654192
21 0.1811591 -0.3949432 0.3057557 -0.2654192
22 0.1811591 -0.3949432 0.3057557 -0.2654192
23 0.1811591 -0.3949432 0.3057557 -0.2654192
24 0.1811591 -0.3949432 0.3057557 -0.2654192
27 0.1811591 -0.3949432 0.3057557 -0.2654192
29 0.1811591 -0.3949432 0.3057557 -0.2654192
   renda_IES MODPresencial:d_notNoturno
1   4.882935                  0.7865383
2   4.882935                  0.7865383
3   4.882935                  0.7865383
4   4.882935                  0.7865383
5   4.882935                  0.7865383
8   4.882935                  0.7865383
9   4.882935                  0.7865383
10  4.882935                  0.7865383
11  4.882935                  0.7865383
12  4.882935                  0.7865383
13  4.882935                  0.7865383
14  4.882935                  0.7865383
15  4.882935                  0.7865383
16  4.882935                  0.7865383
17  4.882935                  0.7865383
18  4.882935                  0.7865383
19  4.882935                  0.7865383
20  4.882935                  0.7865383
21  4.882935                  0.7865383
22  4.882935                  0.7865383
23  4.882935                  0.7865383
24  4.882935                  0.7865383
27  4.882935                  0.7865383
29  4.882935                  0.7865383
   MODPresencial:c_idade
1            -0.06587998
2            -0.06587998
3            -0.06587998
4            -0.06587998
5            -0.06587998
8            -0.06587998
9            -0.06587998
10           -0.06587998
11           -0.06587998
12           -0.06587998
13           -0.06587998
14           -0.06587998
15           -0.06587998
16           -0.06587998
17           -0.06587998
18           -0.06587998
19           -0.06587998
20           -0.06587998
21           -0.06587998
22           -0.06587998
23           -0.06587998
24           -0.06587998
27           -0.06587998
29           -0.06587998
   MODPresencial:d_etniaBranco ou amarelo
1                               -1.208544
2                               -1.208544
3                               -1.208544
4                               -1.208544
5                               -1.208544
8                               -1.208544
9                               -1.208544
10                              -1.208544
11                              -1.208544
12                              -1.208544
13                              -1.208544
14                              -1.208544
15                              -1.208544
16                              -1.208544
17                              -1.208544
18                              -1.208544
19                              -1.208544
20                              -1.208544
21                              -1.208544
22                              -1.208544
23                              -1.208544
24                              -1.208544
27                              -1.208544
29                              -1.208544
   MODPresencial:renda_IES
1                -4.208001
2                -4.208001
3                -4.208001
4                -4.208001
5                -4.208001
8                -4.208001
9                -4.208001
10               -4.208001
11               -4.208001
12               -4.208001
13               -4.208001
14               -4.208001
15               -4.208001
16               -4.208001
17               -4.208001
18               -4.208001
19               -4.208001
20               -4.208001
21               -4.208001
22               -4.208001
23               -4.208001
24               -4.208001
27               -4.208001
29               -4.208001
 [ reached 'max' / getOption("max.print") -- omitted 686 rows ]

attr(,"class")
[1] "coef.mer"
Linear mixed model fit by maximum likelihood .
  t-tests use Satterthwaite's method [lmerModLmerTest
]
Formula: N_OBJ ~ 1 + (1 | ID_IES)
   Data: Dados_2012

      AIC       BIC    logLik  deviance  df.resid 
 345375.1  345401.2 -172684.5  345369.1     45249 

Scaled residuals: 
    Min      1Q  Median      3Q     Max 
-3.2523 -0.7085 -0.0691  0.6496  4.3268 

Random effects:
 Groups   Name        Variance Std.Dev.
 ID_IES   (Intercept)  11.61    3.407  
 Residual             117.66   10.847  
Number of obs: 45252, groups:  ID_IES, 710

Fixed effects:
            Estimate Std. Error       df t value
(Intercept)  29.2802     0.1451 713.9154   201.8
            Pr(>|t|)    
(Intercept)   <2e-16 ***
---
Signif. codes:  
0 ‘***’ 0.001 ‘**’ 0.01 ‘*’ 0.05 ‘.’ 0.1 ‘ ’ 1
